346 3492
4747 461 4442 4402 1511 4540 2771 4480 2103 3258 3548 397 3116 3301 2229 3132 2424 2421 4038 3796 251 2216 1250 3559 4606 676 4125 3808 442 3166 2264 3543 3486 3820 265 2791 1274 3550 1080 3937 42 2459 2370 3500 1883 4431 335 3845 2023 3505 163 1423 2300 449 4102 2665 635 48 2394 3368 1691 3821 363 2353 4316 1397 3708 4256 2728 545 539 1988 3811 1999 4991 1283 181 577 4943 4060 172 2077 3602 1803 4379 1007 3719 1303 1934 453 3876 3237 1512 2457 108 97 2569 3639 1779 2028 3105 1213 3209 2171 3428 313 3621 2198 2377 4959 3405 4803 2581 981 4048 2891 12 3491 2737 229 4828 3047 1673 3584 4801 1620 3149 3772 4287 1148 4078 1626 102 2217 3340 878 1140 884 3955 2894 195 322 3943 3356 833 3313 2487 3361 1449 1338 4997 2412 2272 3883 1793 2959 1123 2345 4139 69 3857 529 1127 4671 1943 4767 1139 1515 3115 2450 708 327 1181 1252 3752 2977 4552 636 985 2937 729 4635 2286 481 4570 2961 300 3119 4277 463 2601 4974 1339 404 3052 675 2273 1522 2099 2931 2725 4585 1979 354 237 3804 2982 1057 4214 2076 1920 2128 1772 1443 2179 2820 660 4091 3917 2466 1128 2461 2691 466 4023 4420 1116 2813 3319 4150 3131 3378 3613 1093 49 1768 4170 1220 378 1379 1947 9 1333 4082 3371 1278 4155 524 1748 4512 343 786 2058 3886 410 3718 1481 4086 4358 3349 254 4947 4293 2236 955 1456 593 1436 4444 3004 1736 4203 1424 4644 775 1343 4850 231 3343 1120 1531 1643 939 4260 1029 2513 3354 487 407 4577 2995 4243 4749 170 2617 1398 627 3568 2009 1129 4289 663 4941 2777 2925 3261 3649 2826 3220 3906 4615 1667 2594 190 375 4875 1169 4515 2389 2427 2468 879 935 902 3325 4483 2021 540 3988 2312 4583 996 1198 2218 3834 284 3225 1111 3253 2888 2681 725 962 3952 2240 4604
4 4165
4 125
3 1387
1 3322
3 1666
1 244
4 888
1 938
1 4790
2 2785
2 3025
1 3317
2 4280
2 1902
1 380
1 4081
1 452
2 2027
3 484
4 2168
1 3212
1 3198
2 4826
3 3573
2 2790
1 1402
1 1779
4 4758
2 1710
3 3125
3 4213
3 2993
1 1771
1 4252
2 4766
3 3276
1 2265
2 3644
1 3176
2 4894
1 3592
2 549
1 4098
3 4220
3 3469
1 5000
3 2635
2 4324
4 1218
1 2343
2 2551
4 2173
3 717
3 3130
1 586
4 670
4 3518
2 1457
2 1512
2 4941
2 3428
2 860
3 291
3 2932
1 3899
2 3435
2 3625
3 3334
2 4107
1 386
2 585
2 778
3 2326
4 4032
3 1466
4 100
1 4838
4 3025
1 555
2 2436
2 3052
2 1417
2 1193
3 4443
3 809
2 3004
4 1066
1 4723
2 3817
1 1672
2 2974
3 2930
4 2218
2 2546
1 3500
3 667
1 3515
1 628
4 1734
3 3363
1 1030
1 256
2 2844
4 3644
3 3529
2 3260
3 1790
3 3941
1 3207
4 4815
4 1033
2 1744
4 1470
1 4444
3 1422
3 900
3 2422
1 1957
4 1350
2 2385
4 3469
3 745
3 4072
4 2054
3 3694
3 894
2 3361
3 389
3 4011
1 2236
4 1626
2 23
4 1569
3 3983
4 3616
2 4974
2 2065
3 2650
4 4566
3 69
1 2909
1 1911
3 2745
4 2353
1 764
2 4474
3 3358
4 85
2 2458
4 2262
1 1069
1 2100
1 1453
1 3612
1 602
3 424
4 4469
1 3388
1 4796
3 900
4 555
3 4124
2 776
4 938
3 1886
3 3281
4 4835
1 4687
2 4604
1 3839
2 2228
4 4155
4 720
3 1692
4 4493
2 3704
1 4811
1 704
3 367
3 589
2 2950
1 496
4 1349
2 1996
2 23
3 4364
4 1229
4 2005
3 2984
2 4785
1 466
2 2600
2 912
2 1958
2 2357
2 4633
1 4704
1 4395
2 1531
3 3960
3 4668
1 2445
4 154
3 862
3 589
4 2429
2 2389
1 1757
1 3488
4 1900
3 1299
1 2010
1 767
2 1821
1 2116
3 425
2 2114
1 4715
3 3384
1 2136
2 1253
2 1665
3 2551
2 4554
1 3302
1 2890
1 3317
2 231
4 4045
2 177
1 271
3 3227
3 1176
2 4437
4 2146
2 4705
4 4728
3 3565
2 4552
2 3977
4 207
3 453
3 3203
2 3380
1 3510
4 1873
2 3749
4 4458
2 3569
4 3326
2 625
3 4293
4 2273
4 4451
2 1352
3 2838
2 4720
2 4660
1 3863
1 4045
2 1162
2 3873
4 3261
3 1599
4 725
3 714
2 2313
2 155
3 43
1 546
2 2676
3 230
1 762
4 3990
2 2646
3 4913
2 2333
1 3212
2 4392
2 3601
4 2104
3 3061
4 1860
2 403
1 3146
2 2078
4 3372
1 2848
3 4357
2 3420
1 350
1 554
3 2773
2 2987
2 701
3 1205
1 883
2 899
3 3041
4 3519
3 4131
4 2430
4 152
2 3655
4 3938
2 1357
3 4456
2 3304
2 4017
3 170
3 658
3 3838
3 432
2 1586
2 3351
1 2299
2 4844
3 2825
1 1388
4 651
1 532
4 3517
1 1284
4 2955
2 2178
3 4033
2 4548
3 3847
2 3889
1 3358
4 3503
2 3671
4 3861
2 3888
2 445
2 1265
3 1190
2 4424
3 1387
3 3616
1 2813
2 2998
1 1463
2 1423
1 4743
2 296
1 4249
4 4006
1 248
3 4118
3 2340
2 2388
4 1270
2 695
1 2902
2 4137
1 3684
4 4564
4 629
1 4696
3 1598
2 1097
1 891
1 4240
2 15
4 4278
2 3265
1 657
2 1653
4 1587
1 1742
4 4634
2 693
1 2725
2 4140
3 632
4 2351
2 1354
1 651
2 234
3 2405
3 4737
1 2220
3 2015
3 4963
1 284
2 699
1 204
1 1664
1 2674
3 4732
3 3979
1 3525
2 3348
2 2167
1 537
4 682
1 4829
1 679
2 4878
3 2629
2 1959
2 2551
3 2786
2 2547
1 4340
4 3737
1 1970
1 4956
4 2041
4 3924
3 704
1 219
4 1906
3 739
4 1651
3 4423
1 2014
1 4482
2 55
2 1105
3 4330
4 2410
4 3609
4 1387
4 4625
1 3075
4 2108
2 582
3 3933
4 1883
4 3831
3 4471
1 227
1 4341
1 2409
3 1199
2 2743
1 2696
3 4886
4 4560
2 3242
3 3544
3 1821
1 4349
4 1796
4 4819
2 3542
2 4511
1 4188
1 4046
3 4725
1 1451
1 695
3 1167
4 3859
4 3842
4 1000
1 2472
1 3592
2 1161
3 87
4 3430
4 1071
1 197
4 535
3 4572
1 891
1 3497
1 3424
3 1164
1 82
2 3065
2 334
3 1714
2 2807
4 4108
2 3656
2 3594
1 1907
1 1065
1 1359
3 553
4 1566
1 3686
2 3016
2 2410
1 737
2 3583
1 4915
4 1859
1 1891
2 1290
1 654
1 3195
2 1477
2 4161
4 4112
4 1879
1 3741
2 1329
4 3203
2 2666
4 4636
4 4631
1 2291
1 4602
2 3416
1 3398
3 3163
1 1487
4 4765
4 803
3 3862
3 1176
4 4252
1 4336
2 1400
3 3206
3 1653
3 3184
3 84
3 193
2 3525
2 4641
3 1688
4 3935
2 3341
2 2993
3 3372
3 1028
3 3072
2 4485
3 132
1 1872
2 1982
4 3258
4 3191
3 2486
2 2899
3 3211
2 2356
2 2498
3 2060
4 3381
3 1983
1 3350
1 2231
3 2464
3 1923
1 3766
4 2671
2 3789
2 1800
2 1339
3 3387
3 2520
4 4455
1 4807
1 1550
3 3548
4 3501
1 4281
2 3177
1 4234
3 1963
2 557
2 1550
1 4880
4 2876
2 1904
3 1513
1 3106
4 2733
2 1965
1 4033
4 2630
4 543
2 2964
2 4741
4 4083
2 998
1 4396
4 4031
4 1112
4 3379
4 4626
1 3857
3 1430
4 2330
2 1424
1 169
3 3564
4 2184
1 2780
1 1897
4 769
1 2564
3 3553
4 840
2 2133
3 2842
2 167
4 1087
1 2208
4 2847
2 4903
2 1171
4 4005
4 303
4 3391
1 3267
2 2960
4 4799
2 4450
2 467
1 1618
4 3021
4 899
2 1640
4 3251
3 4212
3 697
2 2961
4 3638
2 52
4 4485
2 3616
2 1244
4 945
4 1371
1 3155
4 488
1 4005
4 73
4 682
3 1134
4 2674
2 1629
2 1401
2 177
3 4714
2 4249
1 3614
3 4588
4 1391
1 1168
4 179
1 3699
4 4176
4 4424
4 4879
4 2433
4 1775
1 4448
2 4463
1 4123
4 1338
2 660
4 918
2 2260
2 584
4 3686
1 4020
3 3777
4 3960
1 2120
3 4516
3 2813
4 4255
1 2648
2 3376
3 2955
2 3194
2 2067
1 2340
1 413
3 3430
4 4880
2 3420
1 4631
3 1847
4 1887
4 1436
1 1818
2 1796
4 4126
4 513
2 1034
1 2120
2 4653
4 3705
4 968
3 45
1 4545
4 1738
1 2247
2 1489
4 1068
4 2674
2 4931
2 2156
3 1913
3 3166
1 3864
2 1656
1 3991
2 2270
3 2026
1 4921
3 3674
3 1466
4 2443
1 1169
4 2792
2 2006
2 3111
1 4272
4 2135
1 915
1 4016
2 1349
4 4424
1 2994
4 4937
2 3823
1 1803
1 1460
4 727
4 120
4 1237
3 855
1 869
4 169
3 1750
3 3137
3 3421
2 3777
3 608
1 10
1 284
2 3066
1 1830
1 1817
3 3669
1 4996
2 2459
2 1492
4 4691
2 2625
2 1384
2 3115
4 4931
2 2345
3 758
3 2456
4 2709
3 3919
4 3354
1 3505
4 3163
1 4948
2 4575
1 4737
4 4985
2 12
1 1701
4 4601
1 1530
3 4512
2 782
2 4641
2 1859
4 790
3 3720
4 967
2 4551
1 2453
1 1987
3 4043
3 4616
1 4150
1 3272
4 2830
1 3265
2 1097
2 1778
4 2474
4 2144
4 1585
1 4111
1 276
3 3381
1 241
4 2244
4 146
1 1253
1 4271
1 402
4 2109
2 3716
2 4897
2 862
2 2662
4 2813
1 4920
2 2386
4 1940
2 3729
2 2938
3 767
4 1089
4 3196
3 2064
3 3232
2 4958
4 3768
1 1145
3 2534
3 1992
3 3018
3 718
1 4925
4 515
2 1819
3 4672
2 1530
4 4103
1 2682
4 1388
4 4229
1 2070
2 1363
1 2367
2 2025
1 1017
2 3694
1 3278
2 2981
3 3284
2 2149
3 126
3 4179
2 1639
1 1458
2 2867
1 2351
4 4056
2 4993
3 1546
1 423
3 4417
3 518
3 3762
4 3630
2 2737
1 76
1 2283
2 1953
2 4804
4 2279
3 125
2 4494
1 2135
4 3982
3 4752
2 3790
2 3886
1 2498
1 4959
2 3590
3 4383
4 1486
1 1991
3 4514
2 2583
4 3532
4 3623
4 4871
2 3286
3 1515
3 606
4 1634
4 4886
3 3046
1 1194
1 4982
4 348
2 4883
4 1779
1 3829
3 2205
1 3743
3 1803
1 961
2 1567
4 3751
3 388
1 1441
4 3391
1 1817
3 4846
4 723
4 4216
3 3172
2 282
4 3045
4 548
3 665
1 3996
4 1462
3 4387
4 3065
4 537
4 3462
3 437
4 3136
1 1399
1 4832
3 1505
2 2646
2 2890
1 4953
3 1421
2 64
1 2728
2 1889
3 2116
1 4930
3 1000
3 224
2 251
3 1459
2 2215
4 2598
2 558
3 262
1 337
4 320
4 3949
3 4664
1 4464
2 4904
4 1531
4 2778
3 4330
3 4204
2 2764
1 1364
4 2381
3 1023
2 4355
4 798
3 2444
1 386
4 1122
3 559
3 3260
3 1771
4 2975
1 4238
1 3038
2 1193
4 461
1 707
3 1514
4 4741
1 2862
3 4231
1 2064
2 1581
1 786
4 626
1 3375
3 1343
3 4293
4 4236
3 4991
2 3179
4 1155
3 4335
3 3360
4 4408
1 204
2 2323
3 848
1 1337
4 388
2 1978
2 1319
3 852
3 2094
1 165
1 826
3 3157
4 1177
4 3338
4 108
4 4567
4 2469
4 2588
2 3112
4 3847
1 104
3 2816
4 3771
2 242
4 1252
1 2977
1 3775
2 2676
1 1827
4 3992
2 4872
3 648
1 1976
3 3240
1 1812
2 1925
3 465
3 443
1 2914
1 3689
3 3702
4 3073
1 2549
3 2972
4 3341
4 359
1 3950
4 3283
2 3897
2 3819
1 1735
2 2336
1 767
1 4885
2 234
3 301
3 2745
1 2776
1 3466
2 653
3 889
1 4538
3 1111
4 840
4 4051
1 980
1 2383
4 3426
4 887
2 4748
3 4090
2 3299
2 2160
2 824
3 2928
4 4488
3 2722
2 3185
4 2207
1 1645
4 3698
1 2942
2 2830
1 4181
2 195
3 4233
1 1015
2 3659
3 3489
3 3922
1 4483
1 1990
2 1571
2 2374
4 231
2 3524
4 209
3 418
2 1911
4 2917
1 3283
4 456
3 4980
2 1831
4 3657
2 4408
3 2434
3 1522
3 208
1 1317
1 3545
4 2487
1 502
2 3969
2 3404
1 2977
1 4057
2 1519
3 265
2 214
4 3255
2 1713
2 227
4 2176
3 4047
1 802
1 1691
1 2711
4 2619
3 4413
1 3188
2 2324
1 4789
1 3637
2 4794
3 2757
3 1295
2 3923
4 1783
4 587
4 4932
4 465
3 4973
4 4206
1 1759
1 23
3 3394
2 3923
3 1351
4 3873
2 4619
1 2851
4 2091
4 4113
2 1567
3 1207
4 1125
2 4563
1 2138
1 2602
2 2610
3 2748
1 1155
1 1382
3 877
4 4885
4 2821
1 1466
2 406
3 2156
3 130
2 1856
1 711
1 3149
3 4041
3 353
3 2520
3 569
1 4323
2 2572
1 1514
1 1191
3 4694
1 795
2 2432
2 3290
4 1196
4 2063
3 93
4 4049
1 115
2 3744
4 312
3 1402
3 3441
4 1159
4 3419
2 694
4 624
2 4749
4 2570
2 2801
1 3186
1 3676
1 3665
2 3925
2 989
1 4943
3 3356
4 3427
2 4245
2 1440
3 3875
1 2258
1 1361
3 695
4 417
1 612
4 849
4 311
4 2694
2 1692
1 3167
4 2671
1 1877
1 2549
4 3228
1 3251
3 3938
4 3185
3 248
1 4564
1 1436
3 358
1 4408
3 3959
3 3942
1 110
4 263
2 1659
3 1929
4 1813
1 248
2 849
3 3427
3 1697
2 2986
4 2817
3 4157
3 2464
3 3610
1 3979
1 1467
2 1013
4 4928
1 2386
3 3552
3 211
2 1976
4 386
3 2090
3 1196
3 2698
3 2889
2 4090
2 1341
4 1561
4 1990
3 1346
2 189
1 4168
4 4750
3 469
3 4076
2 732
4 895
1 4658
1 250
2 2913
2 3759
4 1752
2 2226
2 4879
3 2748
3 2221
1 609
1 490
1 3303
1 289
1 4815
1 1124
2 4427
1 2199
1 3940
3 3091
2 1604
4 1481
3 3140
1 4240
3 3937
4 2693
4 3010
4 2791
1 4842
1 219
2 1189
2 803
2 2414
1 567
1 4684
3 624
4 3916
2 4911
3 4562
3 3114
1 2321
1 1664
1 1397
4 109
2 1318
4 3232
3 266
2 762
2 2476
1 15
4 1921
4 1083
1 632
3 108
1 4257
1 306
2 738
2 1405
3 4715
4 1817
1 3267
1 3052
3 833
3 877
4 2443
3 1968
2 1337
2 3150
1 4909
3 1826
3 565
1 1021
4 1426
1 2094
2 2625
2 3831
3 1519
2 3747
3 199
4 3665
2 1328
4 4507
3 2001
4 3136
4 3488
1 1653
3 534
3 1094
3 1867
2 4362
4 1655
2 3008
1 4825
1 2640
1 347
4 4512
2 2147
4 2053
1 1533
3 4392
1 3010
3 4470
2 4961
4 1932
2 4600
1 3453
3 2778
3 1211
3 1660
4 4107
4 1880
3 4081
4 1830
4 1584
1 2676
3 1043
2 1573
3 4071
2 2049
1 1239
1 2887
4 1399
1 1160
2 2892
3 2751
2 1793
2 893
1 1339
4 2184
3 1532
3 4657
1 2143
4 1136
1 3234
1 2492
1 1080
2 2751
4 1544
4 4674
2 912
2 4564
2 3405
1 1287
4 593
1 2071
2 2222
1 270
2 3475
1 2241
1 2277
3 2653
2 4343
3 2484
1 3411
2 1112
1 1632
1 915
4 406
1 1820
2 424
4 2008
3 3525
2 4474
1 2172
3 1284
3 2971
2 3657
3 3167
3 3310
2 1333
1 4288
4 2497
1 141
4 4344
4 2075
1 4678
3 4772
3 3367
4 1822
2 2903
3 1516
1 583
3 2076
2 3811
4 1745
4 502
4 2603
3 4510
1 4875
3 4453
1 4459
4 1447
2 1986
4 38
3 2270
2 430
1 3148
3 4402
4 3463
2 2908
3 73
1 3221
3 3549
3 1981
3 561
1 3286
4 608
2 3142
1 2697
4 796
4 1937
2 170
4 1566
2 4120
4 2988
1 4345
2 2763
3 3695
4 1545
1 4343
2 1138
3 4888
1 1792
3 4755
4 2852
4 2298
4 2330
3 347
2 3498
3 2477
3 2029
3 4490
1 591
3 4317
1 1438
1 2114
4 2655
3 3143
1 1392
3 421
2 2548
4 4813
4 4343
2 1872
4 4357
3 4532
2 1207
4 4604
1 1521
2 2624
1 2204
3 202
1 4699
2 1115
2 4606
3 4489
4 2827
4 449
4 4351
2 3022
2 1294
4 318
3 3081
4 2882
4 68
1 94
1 2825
4 1875
2 4843
2 4212
3 3349
3 1011
2 1580
1 945
3 2700
1 1285
4 2598
2 2685
3 3557
3 2032
4 167
4 1601
3 3205
2 1331
4 4545
2 2860
4 3884
2 2211
4 1933
4 3072
1 3535
1 691
4 4336
4 4149
4 1722
3 669
2 4987
3 500
1 1708
1 3983
2 917
4 3221
1 3466
1 625
1 3876
4 1809
3 1495
2 919
2 1906
1 657
2 2542
2 1970
1 4934
4 2191
4 249
4 2570
3 3547
2 3173
1 4640
2 925
2 2915
4 3542
3 615
3 2341
3 1672
1 4444
1 266
4 4740
4 893
3 1636
4 4200
1 3629
2 2339
2 1981
1 4659
2 2802
1 971
2 378
1 2120
2 2385
4 2999
3 1400
1 33
1 2150
4 3660
1 3870
3 2811
2 2541
1 1666
3 84
1 1745
1 2501
4 4460
3 3527
4 870
4 173
4 2028
1 4962
4 4774
4 2269
1 1857
4 2267
1 3814
4 4036
2 574
4 4206
3 1160
3 1096
1 1877
1 4602
1 531
2 4310
3 1045
3 4530
3 2832
4 821
1 2105
1 4595
1 1922
3 4609
3 990
3 4673
4 1734
3 4115
4 492
3 1883
4 166
3 4578
4 3336
2 2697
4 993
2 4669
1 494
4 1327
2 2900
2 1933
4 1504
1 2956
1 665
1 4753
4 4595
4 1538
2 2761
4 2834
4 2448
2 770
2 4948
4 4955
2 487
1 4383
4 4803
4 3675
4 907
2 4814
2 985
2 2503
1 4038
1 1020
2 455
2 4559
2 1568
1 638
3 2592
3 4340
4 4397
3 2387
3 4112
1 1012
2 3341
1 3988
1 4032
3 2212
2 3643
1 1262
1 976
2 429
2 395
1 682
3 1000
1 1728
1 3108
3 1461
2 1637
3 4482
3 440
1 2020
2 4790
1 3497
1 3798
4 3493
1 294
4 3871
2 1739
4 1306
2 4331
3 1475
3 4876
3 4014
4 4000
3 4938
4 1417
1 1142
1 544
4 46
1 2313
3 4689
1 4165
4 4434
2 822
2 811
1 1424
3 4282
3 1695
3 3745
2 2331
3 1331
3 2462
4 3161
4 3073
1 4196
3 766
1 861
2 4283
2 3419
3 4143
4 3064
3 1645
3 2387
1 661
3 4951
2 1781
3 4061
4 1516
2 2252
2 4392
3 622
4 4435
2 1019
3 4109
2 1348
1 2635
4 4641
4 4437
2 4833
2 4654
4 910
2 375
2 207
4 2230
3 4223
3 77
1 3848
4 1696
3 1655
2 4536
2 4114
3 3321
4 3422
4 3861
1 1490
2 2335
4 3919
4 1257
2 729
1 1941
3 3155
3 2765
1 671
1 1895
4 1059
4 352
2 2771
2 5
4 1842
4 4800
2 3661
1 1030
1 197
2 2743
4 4004
1 2754
1 2335
4 956
3 3326
1 3305
3 3644
2 4372
4 413
2 2508
1 4429
2 232
3 4534
1 2432
1 3344
4 856
1 1811
1 3642
2 2591
4 3275
1 387
2 4873
4 4368
3 1029
1 548
4 1913
1 2844
2 3781
1 1224
1 874
2 2359
3 794
3 2491
1 4989
1 4063
1 419
1 3723
1 1514
1 1144
2 2839
1 4909
1 1003
1 2796
4 777
1 3494
1 2146
4 3771
3 720
2 2048
1 4427
1 4327
4 1752
1 1638
4 1191
3 4042
4 121
2 4654
4 1586
1 1464
1 1410
3 625
2 2819
2 3839
2 3171
3 571
2 4359
2 3326
3 3646
1 2229
1 1089
4 841
4 1601
4 4068
4 1019
3 519
4 3601
2 1777
2 2371
2 2827
3 135
4 111
2 106
4 1692
2 1093
2 2571
1 4958
2 2582
2 815
1 3851
3 1782
4 2815
2 383
2 2890
2 456
2 2042
4 1880
3 1709
4 4072
1 4113
1 4389
1 2640
1 2968
1 3497
2 2054
3 4336
2 1132
1 4222
1 3037
2 1097
2 3644
2 790
2 2219
2 3292
2 2138
1 2947
3 2718
1 4600
1 2539
2 4907
1 1080
4 257
2 4028
3 2842
3 744
4 1231
2 4655
3 4256
2 4035
1 1733
4 4949
3 1851
1 1715
2 1459
1 1397
2 4307
2 4278
1 395
4 1412
3 566
3 363
1 4518
4 198
2 1435
1 148
4 2212
2 605
3 2797
4 2893
4 3649
4 3801
2 4782
2 2185
4 3973
4 2592
3 2645
1 2899
2 3536
2 2518
2 2289
1 279
4 2452
4 2748
1 3741
1 4903
2 637
4 544
1 2698
4 3630
4 124
2 3067
1 4857
3 1812
1 203
1 562
4 3751
4 1124
2 1289
1 1473
1 20
4 641
2 324
4 2760
4 1184
3 1102
4 3621
4 762
2 3718
1 1220
4 3986
4 1475
2 4180
1 2863
2 4378
3 1713
2 2656
2 550
2 2115
2 4925
2 3541
4 536
3 1454
3 19
1 3992
3 2338
2 3765
1 748
2 843
4 2779
3 2409
4 4051
2 3091
3 1647
3 4653
4 1392
4 375
1 339
3 1274
4 4718
2 3800
4 393
1 2321
4 1161
3 2992
1 3234
4 3526
2 542
1 161
4 4725
4 2922
2 4505
3 3755
4 891
3 1679
2 1993
4 2501
4 2827
4 1117
1 1889
3 1878
2 3164
1 1090
4 909
1 2612
3 952
3 1301
3 4655
1 1928
3 2688
1 3535
1 3153
1 1384
4 2662
4 4729
1 3746
1 3865
3 2750
4 3349
2 4193
4 2879
1 1015
4 1455
4 2603
4 3130
4 3852
2 3909
4 1730
3 3004
3 483
1 2221
1 108
2 4665
4 2399
1 3282
3 3561
4 238
2 3511
3 1253
2 3757
1 1482
3 887
4 4126
4 1821
4 3224
4 597
1 1446
2 2693
3 1487
4 2169
3 3004
2 1330
4 2345
2 3535
1 2253
3 183
2 263
3 2009
3 2069
2 2551
2 2676
2 1512
3 664
3 4515
2 4369
3 495
3 2744
3 2095
3 984
1 3920
2 1319
1 4317
1 3606
1 1071
1 4681
4 3481
4 1448
3 871
2 4677
1 2202
2 188
2 4915
4 4495
4 4831
1 469
3 125
1 2768
4 3516
3 829
4 2995
2 1281
4 2813
2 4539
4 237
2 292
1 869
1 4241
2 885
1 3773
4 2526
2 4102
4 1454
2 2974
1 1192
2 3276
3 2024
4 3698
4 467
4 1139
1 780
3 2882
2 241
4 1927
3 4549
1 3147
3 1536
2 2289
3 538
2 67
2 398
1 4281
4 1569
3 3734
3 325
1 3060
3 3828
1 996
4 4017
1 3106
1 4931
1 4559
3 1134
2 2693
2 1921
4 2753
3 1515
2 971
1 3024
2 2981
2 2655
2 3807
1 4602
1 1240
4 1836
2 1262
4 2805
1 3778
2 1697
3 701
1 3364
2 4733
4 2419
2 2523
4 1038
4 3681
4 1345
2 3505
2 2438
1 331
2 2295
2 3732
4 986
1 3215
4 4695
1 4817
4 2305
4 395
4 252
1 1613
4 3524
2 3880
1 4663
2 2501
4 4572
1 61
3 2927
3 999
3 2947
2 4297
1 3574
2 4924
4 1236
1 2536
1 4307
1 3439
1 4398
4 3812
4 2148
1 4486
2 2542
1 2402
4 990
2 1611
1 2470
3 2066
3 3195
4 1422
4 2374
1 3171
2 4727
4 1299
4 248
1 1910
4 4773
2 4761
4 3428
3 510
1 933
4 4160
3 2199
3 2644
4 3433
4 840
4 437
1 3658
3 3073
2 3476
4 4737
2 1574
4 13
1 1089
1 4786
3 462
3 2635
3 3107
1 553
4 450
1 4370
3 3048
1 2929
1 4907
3 3602
4 2979
3 2360
2 1266
3 4750
2 4521
3 1466
4 87
3 4145
2 703
3 3261
4 1903
1 4484
2 4196
3 4975
1 1790
1 1637
3 4149
4 3431
2 4234
4 239
1 101
1 3798
3 38
4 4917
1 2964
4 3382
3 2453
1 2670
4 3078
2 3866
4 4940
3 4062
4 2307
2 4445
4 3300
2 899
2 1063
2 4240
2 2739
4 4169
4 4040
2 3251
4 1830
3 1630
4 1126
2 3552
1 1368
3 3643
2 725
2 3747
1 4476
1 3236
3 65
2 2402
3 1928
2 385
4 2882
1 3793
4 1219
3 3432
2 103
4 514
3 192
3 208
3 4381
1 2804
3 690
2 2077
4 2117
2 2791
1 3544
2 4259
3 2579
1 652
1 4871
2 356
1 1866
4 2086
3 2332
4 1098
1 3834
3 322
1 3469
1 767
1 3268
1 164
2 3270
1 1391
3 106
2 1673
1 4262
4 458
4 3167
3 3176
2 4395
3 3978
3 2951
3 1889
1 1911
1 3386
1 1105
4 1516
1 2932
4 4110
1 4074
1 1676
1 113
3 578
2 1957
2 529
3 669
4 1184
4 3
4 4044
2 2439
4 3876
3 2441
2 2422
4 3828
3 4003
1 2239
1 4319
2 4296
1 575
4 780
3 4311
1 2514
4 272
4 2228
4 837
3 843
3 3595
4 1037
2 242
3 1236
3 720
2 4356
2 21
1 1680
2 3652
1 2537
1 4610
1 3031
1 4568
3 788
4 4563
1 3882
2 2863
4 1885
4 480
4 1716
1 433
4 2500
3 2359
3 3711
4 4111
2 2198
3 3775
1 1713
1 1548
1 3268
3 3988
3 869
1 2161
3 1256
2 4521
1 2303
1 697
4 4394
3 3700
1 2026
2 4293
1 2480
2 2272
3 922
3 3297
4 1211
3 3255
2 1925
3 2240
2 4306
3 186
1 107
2 4040
3 2898
2 3398
4 3416
4 4428
4 4216
3 330
3 1826
3 2888
4 1004
2 2228
3 2014
3 338
2 1544
3 2464
2 277
1 1404
1 4792
3 4232
1 1836
1 4730
2 4383
2 915
2 156
4 1576
4 1682
2 1469
1 4487
1 984
4 1034
4 3917
1 3362
2 4324
3 2332
1 1197
3 999
1 1558
1 2810
1 2347
1 4133
3 826
1 4438
4 284
1 4827
3 4060
3 3218
2 4265
4 160
3 3670
2 192
2 2856
2 266
1 3736
1 1221
1 1318
2 3546
2 3423
1 3702
3 1810
3 412
3 636
4 1085
4 1737
3 4572
1 2803
3 3236
1 3391
3 4933
3 4098
4 1904
1 783
4 2799
3 674
1 3170
3 863
4 2001
2 2795
2 1922
3 544
1 4169
2 4809
3 1881
1 715
3 4319
2 2630
2 3821
3 418
1 3528
1 3757
1 3590
4 2033
4 889
1 4357
3 1694
1 4378
3 3603
2 1387
3 4050
2 3219
3 463
1 2968
4 3375
4 3458
4 4448
3 3323
3 1956
1 2969
2 573
1 2396
4 2375
1 2224
3 161
2 4446
4 2239
2 3167
3 2798
2 1626
4 2254
2 1457
3 4880
2 4903
2 199
3 3544
3 1257
1 1035
2 2973
4 1067
2 1012
4 4796
1 315
1 4369
4 272
3 3548
2 715
2 4177
4 3567
1 3483
4 1138
1 1710
2 4676
3 1856
1 922
1 2593
3 2439
3 4740
1 1663
3 57
2 1642
3 2625
3 782
1 2352
1 1462
2 4921
1 3367
1 4998
2 3209
2 4014
2 598
2 2231
2 1569
3 2524
2 4621
4 4494
4 270
2 1015
3 3140
3 811
3 670
3 3692
3 4293
3 2264
4 4852
2 1107
1 1143
3 2319
4 1849
2 3120
2 3496
1 834
1 3109
2 4164
3 1633
3 280
3 2415
1 903
4 1230
4 2869
1 2243
4 3916
4 4896
3 868
2 2419
4 1202
1 1464
1 3011
2 2563
1 1800
3 4491
2 4568
2 2467
2 1315
1 2459
4 2686
3 2267
4 4822
1 1075
3 4034
4 1662
1 2333
4 681
3 1376
1 2270
1 3731
3 3687
4 4851
2 3439
2 1495
4 310
2 1186
2 1895
4 2330
1 1293
1 1316
4 2538
2 934
1 3374
2 3573
4 2559
2 1979
4 2493
1 3886
1 4802
2 2193
2 1574
3 4882
1 3377
4 2087
1 156
1 1963
2 4088
4 4393
1 1784
2 1497
2 2921
1 3969
4 610
2 2072
4 4567
3 1843
3 715
1 4817
4 125
3 2235
2 4047
2 1359
3 127
1 4385
2 1034
2 2493
4 25
4 408
1 2637
4 1855
1 445
3 4665
4 3265
3 2362
1 3149
3 1497
2 1078
3 1952
3 3811
4 3475
2 4024
1 4861
4 1309
4 4046
3 3598
4 693
2 1254
2 3403
3 61
1 4205
3 1801
1 2479
2 4834
2 4943
4 1433
2 1051
3 3799
1 4290
3 916
2 327
2 1024
2 2925
4 3474
3 2062
1 3017
4 3041
3 1468
1 2236
1 212
3 3987
3 3806
1 2987
4 2914
3 3858
2 3722
2 1233
2 2605
1 3006
1 3482
1 657
3 1130
3 2083
1 789
4 875
4 1829
1 3918
2 2394
4 2450
3 240
2 499
1 3366
2 701
1 1215
1 4719
1 4779
3 1711
2 4450
3 4110
4 4358
3 3437
3 746
4 3633
1 313
4 4673
4 459
3 3879
2 2737
1 88
4 1415
1 4997
3 2292
2 4853
4 96
1 886
2 2034
3 4600
4 4795
4 2184
3 3720
4 1058
2 4885
1 1065
3 42
3 3789
3 1015
4 1201
2 1869
4 1878
4 306
1 2884
2 2444
2 3109
2 610
4 1201
3 579
3 4442
4 2394
4 1598
3 345
2 3116
1 2156
4 553
3 3317
3 1567
1 510
3 3347
4 647
4 801
4 2008
1 2978
1 2884
2 3622
3 314
4 467
3 2048
1 3082
2 1720
3 3601
4 2279
2 856
3 2003
3 3203
3 643
3 4800
4 2165
2 3520
1 3846
1 4533
3 2950
3 464
4 1290
1 2389
1 2691
1 706
4 1997
3 2397
1 4585
1 207
3 979
1 2008
2 4760
1 3478
4 3589
3 4854
4 969
2 2279
4 2935
2 1266
1 4183
1 3452
3 2574
1 417
1 3237
3 1531
1 2424
3 3175
2 2239
4 3541
3 2758
4 2669
3 1091
4 1237
4 4647
1 4191
2 592
1 1296
1 2199
3 4275
3 3379
3 2502
3 3259
3 1797
4 118
4 2698
4 4850
1 2311
4 3068
1 3809
4 3590
3 3297
2 2002
1 3104
1 4856
1 1756
2 2679
3 3957
1 4709
1 3432
4 327
4 3769
4 4161
1 2207
4 3184
1 724
1 1098
3 2159
3 239
4 3037
1 2650
1 4710
4 285
4 840
3 2706
2 2703
3 4649
1 1816
1 533
3 952
3 2904
2 32
1 2846
3 4832
3 3
1 4056
2 1108
1 1882
3 2299
1 1157
4 1734
1 1941
1 2701
2 1631
4 4179
2 144
4 4781
1 1507
1 1020
2 4683
1 2033
3 4287
3 4734
4 1270
3 309
2 1333
4 1532
3 3748
1 4296
2 176
3 4205
2 1482
3 1221
4 310
2 4907
1 3279
4 4507
3 3922
2 208
3 2761
1 1315
4 2428
4 2472
1 2543
4 1598
3 2950
1 2682
2 382
2 4087
4 1870
3 3296
3 4002
1 3416
1 2260
2 3890
1 4286
2 501
4 3988
2 785
4 646
2 844
3 251
4 92
4 3005
2 1213
2 546
2 4408
3 4660
2 3760
3 2222
1 4027
1 4572
1 4596
4 363
3 3724
3 3418
2 3037
1 1385
3 4588
3 3594
2 2099
1 1908
3 1923
3 3297
4 283
4 3259
3 1033
2 4547
1 1408
1 1920
3 2956
2 1456
2 1384
3 1937
1 58
2 3787
4 1412
1 157
4 1068
4 1612
4 3823
3 387
4 3002
1 987
1 4594
4 1771
2 2084
4 3427
1 306
2 813
4 3354
4 62
3 418
2 2741
4 1292
3 3610
1 1652
2 656
1 1477
4 2306
4 502
4 2536
1 4091
1 2789
4 304
2 157
2 2923
4 222
4 3166
4 1390
4 1542
1 3886
1 750
3 3484
2 2846
1 2552
3 3518
4 2687
4 1513
1 2475
1 3421
3 3307
3 4543
3 2601
4 1494
3 3395
1 3338
2 285
1 401
4 4646
1 3321
4 1379
4 2102
3 344
2 926
2 1509
3 2455
4 57
2 3156
4 1509
1 1434
3 630
2 822
1 229
4 1686
4 160
4 1909
4 2879
4 277
3 384
1 3878
1 4624
2 2479
1 2193
1 3840
4 1991
3 2014
1 2999
3 2514
1 4470
4 2322
3 2822
4 4077
1 1295
1 795
4 2283
1 1206
4 3642
3 4772
4 3103
3 4428
4 2935
1 3684
1 2131
1 3854
1 1423
2 1378
2 2506
2 823
4 3816
3 2252
3 1205
1 1876
2 3346
3 1473
4 2562
4 1328
1 2761
3 434
4 2040
1 4814
4 4467
2 2629
4 4986
3 4557
2 1587
3 2358
4 2146
2 1391
3 1283
3 3769
3 2743
3 831
2 1249
3 2012
1 3012
3 3956
2 1258
3 3062
4 1214
1 2760
2 2823
1 3628
4 3340
3 925
3 1193
1 2770
1 451
4 996
4 1142
1 2680
2 2328
3 1324
1 3616
4 1357
2 1617
2 1867
1 1624
1 3693
2 1706
1 4113
1 4104
4 2445
4 4106
2 970
4 3970
1 841
1 717
2 4900
2 1323
4 4540
4 1878
3 3796
2 4357
4 3479
3 1233
4 807
4 4276
4 3784
4 4933
3 2144
4 4851
2 4373
3 4424
1 2179
1 4231
2 4928
2 1094
2 4314
2 2554
1 2445
3 1806
4 2819
1 817
4 4195
1 866
1 1469
1 216
3 4747
4 4977
4 3886
4 746
3 1299
3 3784
3 4368
1 3489
1 927
3 563
2 2858
1 2807
4 4590
2 3432
4 2998
3 2851
4 2785
1 4223
1 1920
1 2747
3 3893
4 2228
3 4599
4 4879
4 1859
4 382
1 540
4 1766
3 1645
1 891
2 41
1 1007
1 570
3 1949
2 3570
4 1889
1 4581
1 907
2 451
3 3726
1 2356
4 2536
2 1040
3 426
3 2438
2 3291
4 2058
2 2047
4 348
3 3458
3 1199
3 3715
1 3595
2 4790
4 936
4 2587
4 4626
4 1698
1 790
1 3037
2 2915
4 1928
3 4999
2 3612
1 2307
1 3111
1 2351
3 3281
2 2231
1 350
1 1802
2 1886
2 4211
4 1795
2 4646
3 3632
2 1748
2 3440
4 1381
3 1928
4 2408
1 154
1 1235
4 3905
4 4369
1 781
1 2531
2 625
3 220
1 2185
3 785
4 3221
3 2910
2 3695
3 1657
2 1759
4 804
1 2021
1 2643
2 2895
1 3870
1 2290
4 1050
4 2776
3 655
1 534
3 4824
1 3070
4 1819
1 3705
2 3636
4 4115
4 4617
4 598
3 2673
2 4596
1 235
4 4516
1 1221
4 4704
4 4299
2 65
4 3030
2 4321
1 913
4 3630
2 1204
4 3340
1 583
1 3087
2 3873
3 3448
4 1136
1 4606
2 4865
1 2728
3 976
4 3625
4 1441
1 897
1 413
2 2842
3 3661
1 3517
4 2472
1 4384
4 3137
4 4211
1 196
3 3344
1 1889
4 4787
3 2296
4 1582
2 189
1 1561
1 471
3 1156
2 2854
1 2297
3 2088
2 1409
3 2675
3 4328
1 3392
2 2639
1 963
1 3481
1 534
2 2917
2 3368
3 1513
3 4062
1 491
1 1019
4 1044
1 4304
3 993
3 4070
3 4003
3 3433
1 3847
3 4941
3 2383
1 2304
2 3725
4 309
4 1731
2 592
2 524
2 285
1 3570
4 90
4 394
4 4750
1 1651
3 3640
1 1722
1 4874
4 2353
1 621
3 1898
4 1647
1 2529
1 2076
3 3254
2 4346
1 3134
2 325
4 1086
3 4910
4 266
4 2640
2 3762
4 3661
3 4750
1 4020
1 3197
3 3551
2 906
2 2552
2 19
4 1515
3 4590
1 2077
3 3057
2 3367
3 2348
4 584
3 731
2 1940
4 878
4 4201
3 2092
4 741
4 706
4 555
4 2066
4 2783
3 1453
1 1989
3 1412
1 3419
2 4041
1 2677
1 4630
3 3917
3 2846
3 4185
4 2148
1 3139
3 4556
4 3909
2 3527
3 3586
1 3700
4 1898
1 3029
3 520
1 3368
3 506
3 3658
1 4687
2 345
3 2479
1 2967
1 4479
4 3675
4 220
1 3841
1 3004
2 3915
3 4934
